// 9 states
// 46 transitions

0 ( 1 )   0.10
0 ( 2 )   0.55
0 ( 3 )   1.05
0 ( 1 1 )   0.35
0 ( 1 1 1 ) 0.35
0 ( 5 5 5 5 5 ) 0.95
0 ( 7 7 7 7 7 7 7 ) 1.15
0 ( 8 8 8 8 8 8 8 8 8 8 8 ) 1.45
0 ( 9 9 9 9 9 9 9 9 9 9 9 9 9 ) 1.65

1 ( 0 ) 0.20
1 ( 1 ) 0.10
1 ( 2 ) 0.45
1 ( 3 ) 0.65
1 ( 2 2 ) 0.45
1 ( 2 2 2 ) 0.55

2 ( 0 ) 0.20
2 ( 1 ) 0.10
2 ( 2 ) 0.45
2 ( 3 ) 1.65
2 ( 3 3 ) 0.65
2 ( 3 3 3 ) 0.75

3 ( 0 ) 0.20
3 ( 1 ) 0.10
3 ( 2 ) 0.45
3 ( 3 ) 0.65
3 ( 4 4 ) 0.80

4 ( 0 ) 0.20
4 ( 1 ) 0.10
4 ( 2 ) 0.45
4 ( 3 ) 0.65
4 ( 6 6 ) 0.90

6 ( 0 ) 0.20
6 ( 1 ) 0.10
6 ( 2 ) 0.45
6 ( 3 ) 0.65

5 ( 0 ) 0.20
5 ( 1 ) 0.10
5 ( 2 ) 0.45
5 ( 3 ) 0.65
5 ( 2 2 ) 0.55

7 ( 0 ) 0.20
7 ( 1 ) 0.10
7 ( 2 ) 0.45
7 ( 3 ) 0.65
7 ( 2 2 ) 0.75

8 ( 0 ) 0.20
8 ( 1 ) 0.10
8 ( 2 ) 0.45
8 ( 3 ) 0.65
8 ( 4 4 ) 0.75

9 ( 0 ) 0.20
9 ( 1 ) 0.10
9 ( 2 ) 0.45
9 ( 3 ) 0.65
9 ( 4 4 ) 0.75

