// 9 states
// 46 transitions

0 ( 1 )   0.10
0 ( 2 )   0.55
0 ( 3 )   1.05
0 ( 1 1 )   0.35
0 ( 1 1 1 ) 0.55

0 ( 5 5 5 5 5 ) 1.1
0 ( 7 7 7 7 7 7 7 ) 1.1
0 ( 8 8 8 8 8 8 8 8 8 8 8 ) 2.1
0 ( 9 9 9 9 9 9 9 9 9 9 9 9 9 ) 3.1

1 ( 0 ) 0.15
1 ( 1 ) 0.25
1 ( 2 ) 0.45
1 ( 3 ) 1.25
1 ( 2 2 ) 1.0
1 ( 2 2 2 ) 1.0

2 ( 0 ) 0.45
2 ( 1 ) 0.50
2 ( 2 ) 1.15
2 ( 3 ) 1.65
2 ( 3 3 ) 0.31

3 ( 0 ) 1.25
3 ( 1 ) 1.40
3 ( 2 ) 1.55
3 ( 3 ) 2.25
3 ( 4 4 ) 0.9

4 ( 0 ) 2.25
4 ( 1 ) 2.10
4 ( 2 ) 2.15
4 ( 3 ) 2.95

5 ( 0 ) 3.25
5 ( 1 ) 3.10
5 ( 2 ) 3.55
5 ( 3 ) 4.25
5 ( 2 2 ) 0.25

7 ( 0 ) 0.25
7 ( 1 ) 0.10
7 ( 2 ) 0.55
7 ( 3 ) 1.25

8 ( 0 ) 0.25
8 ( 1 ) 0.10
8 ( 2 ) 0.55
8 ( 3 ) 1.25

9 ( 0 ) 0.25
9 ( 1 ) 0.10
9 ( 2 ) 0.55
9 ( 3 ) 1.25